District %Num_blobs_cons %BU_in_largest_blob_cons hhi_cons %Num_blobs_final %BU_in_largest_blob_final hhi_final
Agra 4290 27.2617 754.675 3427 29.4235 886.79 
Aligarh 8217 15.3036 245.263 7108 18.0382 340.773 
Allahabad 8008 7.42004 76.4327 6432 7.13984 115.56 
Almora 12620 0.752215 3.54239 10682 1.13258 8.48355 
Alwar 6827 8.99543 142.723 4957 16.4165 379.943 
Amroha 9381 2.48212 12.7913 7475 2.61133 37.4645 
Anugul 12894 8.86714 123.599 4113 25.3522 1094.63 
Gurgaon 522 56.2209 3240.73 127 66.9556 4839.49 
Jaipur 5182 43.5371 1905.69 3891 46.3907 2169.8 
