[
  [
    "Kokrajhar",
    0.02,
    2.49,
    5.39,
    0.38,
    2.21
  ],
  [
    "Dhubri",
    0.02,
    2.49,
    5.39,
    0.38,
    2.21
  ],
  [
    "Goalpara",
    0.02,
    2.49,
    5.39,
    0.38,
    2.21
  ],
  [
    "Bongaigaon",
    0.02,
    2.49,
    5.39,
    0.38,
    2.21
  ],
  [
    "Barpeta",
    3.67,
    5.24,
    11.55,
    5.71,
    2.21
  ],
  [
    "Kamrup",
    1.53,
    5.24,
    11.55,
    0.87,
    2.21
  ],
  [
    "Nalbari",
    3.67,
    5.24,
    11.55,
    5.71,
    2.21
  ],
  [
    "Darrang",
    1.53,
    5.24,
    11.55,
    0.87,
    2.21
  ],
  [
    "Morigaon",
    1.53,
    5.24,
    11.55,
    0.87,
    2.21
  ],
  [
    "Nagaon",
    1.53,
    8.41,
    7.76,
    0.87,
    7.28
  ],
  [
    "Sonitpur",
    1.53,
    8.41,
    4.06,
    0.87,
    7.28
  ],
  [
    "Lakhimpur",
    15.72,
    12.34,
    4.06,
    3.98,
    7.28
  ],
  [
    "Dhemaji",
    4.59,
    2.19,
    4.06,
    34.48,
    0.81
  ],
  [
    "Tinsukia",
    4.59,
    2.19,
    4.06,
    34.48,
    0.81
  ],
  [
    "Dibrugarh",
    4.59,
    2.19,
    4.06,
    34.48,
    0.81
  ],
  [
    "Jorhat",
    15.72,
    12.34,
    4.06,
    3.98,
    7.28
  ],
  [
    "Golaghat",
    1.53,
    8.41,
    4.06,
    0.87,
    7.28
  ],
  [
    "Karbi Anglong",
    0.04,
    4.01,
    6.32,
    0.87,
    0.9
  ],
  [
    "Dima Hasao",
    0.04,
    1.77,
    6.32,
    0.87,
    0.9
  ],
  [
    "Cachar",
    0.04,
    1.77,
    6.32,
    0.87,
    0.9
  ],
  [
    "Karimganj",
    0.2,
    1.77,
    27.28,
    3.3,
    4.23
  ],
  [
    "Hailakandi",
    0.2,
    1.77,
    27.28,
    3.3,
    4.23
  ]
]
