[
  [
    "Pashchim Champaran",
    0,
    0.02,
    0,
    0.01,
    0.01
  ],
  [
    "Purba Champaran",
    0,
    0.02,
    0,
    0.01,
    0.01
  ],
  [
    "Sheohar",
    0,
    0.03,
    0.21,
    0.04,
    0.01
  ],
  [
    "Sitamarhi",
    0,
    0.03,
    0.01,
    0.04,
    0.01
  ],
  [
    "Madhubani",
    0,
    0.03,
    0.01,
    0.04,
    0.01
  ],
  [
    "Supaul",
    0.16,
    0.1,
    0.01,
    0.18,
    0.28
  ],
  [
    "Araria",
    0.16,
    0.1,
    0.01,
    0.18,
    0.28
  ],
  [
    "Kishanganj",
    0.4,
    11.94,
    1.22,
    10.23,
    0.28
  ],
  [
    "Purnia",
    0.16,
    0.1,
    0.01,
    0.18,
    0
  ],
  [
    "Katihar",
    0.16,
    0.1,
    0.01,
    0.18,
    0
  ],
  [
    "Madhepura",
    0.16,
    0.1,
    0.01,
    0.18,
    0
  ],
  [
    "Saharsa",
    0.16,
    0.1,
    0.01,
    0.18,
    2.51
  ],
  [
    "Darbhanga",
    0,
    0.03,
    0.01,
    0.04,
    0.01
  ],
  [
    "Muzaffarpur",
    0,
    0.03,
    0.01,
    0.04,
    0.01
  ],
  [
    "Gopalganj",
    0,
    0.02,
    0,
    0.01,
    0.01
  ],
  [
    "Siwan",
    0,
    0.02,
    0,
    0.01,
    0.01
  ],
  [
    "Saran",
    0,
    0.03,
    0.21,
    0.04,
    0.01
  ],
  [
    "Vaishali",
    0,
    0,
    0,
    0.02,
    0.01
  ],
  [
    "Samastipur",
    0,
    0,
    0,
    0.02,
    0.01
  ],
  [
    "Begusarai",
    0,
    0,
    0,
    0.02,
    0.01
  ],
  [
    "Khagaria",
    0.16,
    0,
    0,
    0.02,
    0.15
  ],
  [
    "Bhagalpur",
    0.16,
    0,
    0,
    0.02,
    0
  ],
  [
    "Banka",
    0.16,
    0,
    0,
    0.02,
    0
  ],
  [
    "Munger",
    0.16,
    0,
    0,
    0.02,
    0.15
  ],
  [
    "Lakhisarai",
    0.16,
    0,
    0,
    0.02,
    0.15
  ],
  [
    "Sheikhpura",
    0,
    0,
    0,
    0.02,
    0.01
  ],
  [
    "Nalanda",
    0,
    0,
    0,
    0.02,
    0.01
  ],
  [
    "Patna",
    0,
    0,
    0,
    0.02,
    0.01
  ],
  [
    "Bhojpur",
    0,
    0,
    0.01,
    0.02,
    0.01
  ],
  [
    "Buxar",
    0,
    0,
    0,
    0.01,
    0.01
  ],
  [
    "Kaimur",
    0,
    0,
    0,
    0.01,
    0.01
  ],
  [
    "Rohtas",
    0,
    0,
    0,
    0.01,
    0.01
  ],
  [
    "Jehanabad",
    0,
    0,
    0.01,
    0.02,
    0.01
  ],
  [
    "Aurangabad",
    0,
    0,
    0,
    0,
    0
  ],
  [
    "Gaya",
    0,
    0,
    0,
    0.02,
    0.01
  ],
  [
    "Nawada",
    0,
    0,
    0,
    0.02,
    0.01
  ],
  [
    "Jamui",
    0.16,
    0,
    0,
    0.02,
    0.15
  ]
]
