[
  [
    "Sheopur",
    0,
    0,
    0.02,
    0,
    0
  ],
  [
    "Morena",
    0,
    0,
    0,
    0,
    0
  ],
  [
    "Bhind",
    0,
    0,
    0,
    0,
    0
  ],
  [
    "Gwalior",
    0,
    0,
    0,
    0,
    0
  ],
  [
    "Datia",
    0,
    0,
    0,
    0,
    0
  ],
  [
    "Shivpuri",
    0,
    0,
    0,
    0,
    0
  ],
  [
    "Guna",
    0,
    0,
    0,
    0,
    0
  ],
  [
    "Tikamgarh",
    0,
    0,
    0,
    0,
    0
  ],
  [
    "Chhatarpur",
    0,
    0,
    0,
    0,
    0
  ],
  [
    "Panna",
    0,
    0,
    0,
    0,
    0
  ],
  [
    "Sagar",
    0,
    0,
    0,
    0,
    0
  ],
  [
    "Damoh",
    0,
    0,
    0,
    0,
    0
  ],
  [
    "Satna",
    0,
    0,
    0,
    0,
    0
  ],
  [
    "Rewa",
    0,
    0,
    0,
    0,
    0
  ],
  [
    "Umaria",
    0,
    0,
    0,
    0,
    0
  ],
  [
    "Shahdol",
    0,
    0,
    0,
    0,
    0
  ],
  [
    "Sidhi",
    0,
    0,
    0,
    0,
    0
  ],
  [
    "Neemuch",
    0,
    0,
    0.04,
    0,
    0
  ],
  [
    "Mandsaur",
    0,
    0,
    0.01,
    0,
    0
  ],
  [
    "Ratlam",
    0,
    0,
    0.01,
    0,
    0
  ],
  [
    "Ujjain",
    0,
    0,
    0.01,
    0,
    0
  ],
  [
    "Shajapur",
    0,
    0,
    0.01,
    0,
    0
  ],
  [
    "Dewas",
    0,
    0,
    0,
    0,
    0
  ],
  [
    "Jhabua",
    0,
    0,
    0,
    0,
    0
  ],
  [
    "Dhar",
    0,
    0,
    0,
    0,
    0
  ],
  [
    "Indore",
    0,
    0,
    0,
    0,
    0
  ],
  [
    "West Nimar",
    0,
    0,
    0,
    0,
    0
  ],
  [
    "Barwani",
    0,
    0,
    0,
    0,
    0
  ],
  [
    "East Nimar",
    0,
    0,
    0,
    0,
    0
  ],
  [
    "Rajgarh",
    0,
    0,
    0.01,
    0,
    0
  ],
  [
    "Vidisha",
    0,
    0,
    0,
    0,
    0
  ],
  [
    "Bhopal",
    0,
    0,
    0,
    0,
    0
  ],
  [
    "Sehore",
    0,
    0,
    0,
    0,
    0
  ],
  [
    "Raisen",
    0,
    0,
    0,
    0,
    0
  ],
  [
    "Betul",
    0,
    0,
    0,
    0,
    0
  ],
  [
    "Harda",
    0,
    0,
    0,
    0,
    0
  ],
  [
    "Hoshangabad",
    0,
    0,
    0,
    0,
    0
  ],
  [
    "Katni",
    0,
    0,
    0,
    0,
    0
  ],
  [
    "Jabalpur",
    0,
    0.01,
    0,
    0,
    0
  ],
  [
    "Narsimhapur",
    0,
    0,
    0,
    0,
    0
  ],
  [
    "Dindori",
    0,
    0,
    0,
    0,
    0
  ],
  [
    "Mandla",
    0,
    0,
    0,
    0,
    0
  ],
  [
    "Chhindwara",
    0,
    0,
    0,
    0,
    0
  ],
  [
    "Seoni",
    0,
    0,
    0,
    0,
    0
  ],
  [
    "Balaghat",
    0,
    0,
    0,
    0,
    0
  ]
]
