[
  [
    "Bargarh",
    0,
    0,
    0,
    0,
    0
  ],
  [
    "Jharsuguda",
    1.05,
    0,
    0,
    0.01,
    0
  ],
  [
    "Sambalpur",
    0.01,
    0,
    0,
    0,
    0
  ],
  [
    "Debagarh",
    0.01,
    0,
    0,
    0,
    0
  ],
  [
    "Sundargarh",
    0.01,
    0,
    0,
    0,
    0
  ],
  [
    "Kendujhar",
    0,
    0,
    0.07,
    0,
    0.01
  ],
  [
    "Mayurbhanj",
    0,
    0,
    0,
    0,
    0
  ],
  [
    "Baleshwar",
    0,
    1.92,
    7.43,
    0.33,
    0.25
  ],
  [
    "Bhadrak",
    0,
    1.92,
    7.43,
    0.33,
    0.25
  ],
  [
    "Kendrapara",
    0,
    1.92,
    7.43,
    0.33,
    0.25
  ],
  [
    "Jagatsinghapur",
    0.02,
    0,
    0.02,
    0.33,
    0.01
  ],
  [
    "Cuttack",
    0.01,
    0,
    0.02,
    0,
    0.01
  ],
  [
    "Jajapur",
    0,
    0,
    0.02,
    0,
    0.01
  ],
  [
    "Dhenkanal",
    0.01,
    0,
    0.02,
    0,
    0.01
  ],
  [
    "Anugul",
    0.01,
    0,
    0,
    0,
    0
  ],
  [
    "Nayagarh",
    0.3,
    0,
    0.02,
    0,
    0
  ],
  [
    "Khordha",
    0.02,
    0,
    0.02,
    0.33,
    0.01
  ],
  [
    "Puri",
    0.02,
    0,
    0,
    0.33,
    0
  ],
  [
    "Ganjam",
    0.3,
    0,
    0,
    0,
    0
  ],
  [
    "Gajapati",
    0.3,
    0,
    0,
    0,
    0
  ],
  [
    "Kandhamal",
    0.3,
    0,
    0,
    0,
    0
  ],
  [
    "Subarnapur",
    0.3,
    0,
    0,
    0,
    0
  ],
  [
    "Balangir",
    0,
    0,
    0,
    0,
    0
  ],
  [
    "Nuapada",
    0,
    0,
    0,
    0,
    0
  ],
  [
    "Kalahandi",
    0.18,
    0,
    0,
    0,
    0
  ],
  [
    "Rayagada",
    0.3,
    0.02,
    0,
    0,
    0
  ],
  [
    "Nabarangapur",
    0.18,
    0,
    0,
    0,
    0
  ],
  [
    "Koraput",
    0.18,
    0,
    0,
    0.01,
    0
  ],
  [
    "Malkangiri",
    0.18,
    0,
    0,
    0.02,
    0.02
  ]
]
