[
  [
    "Uttarkashi",
    1.87,
    0.02,
    5.69,
    0.38,
    0.02
  ],
  [
    "Chamoli",
    4.79,
    1.93,
    5.69,
    5.16,
    1.75
  ],
  [
    "Rudraprayag",
    4.79,
    1.93,
    5.69,
    5.48,
    1.75
  ],
  [
    "Tehri Garhwal",
    4.79,
    1.93,
    5.69,
    5.48,
    1.75
  ],
  [
    "Dehradun",
    1.87,
    0.02,
    8.48,
    0.38,
    0.02
  ],
  [
    "Garhwal",
    0.98,
    0.01,
    0.87,
    0,
    0
  ],
  [
    "Pithoragarh",
    0.98,
    0.01,
    0.18,
    0,
    0
  ],
  [
    "Bageshwar",
    0.98,
    0.01,
    0.87,
    0,
    0
  ],
  [
    "Almora",
    0.98,
    0.01,
    0.87,
    0,
    0
  ],
  [
    "Champawat",
    0.98,
    0.01,
    0.18,
    0,
    0
  ],
  [
    "Nainital",
    0.98,
    0.01,
    0.87,
    0,
    0
  ],
  [
    "Udham Singh Nagar",
    0.98,
    0.01,
    0.18,
    0,
    0
  ],
  [
    "Hardwar",
    5.08,
    0.3,
    8.45,
    0.01,
    0.01
  ]
]
