[
  [
    "Saharanpur",
    1.87,
    0.02,
    8.45,
    0.01,
    0.01
  ],
  [
    "Muzaffarnagar",
    0.39,
    0,
    0.8,
    0,
    0.01
  ],
  [
    "Bijnor",
    0.98,
    0.01,
    0.87,
    0,
    0
  ],
  [
    "Moradabad",
    0.98,
    0.01,
    0.87,
    0,
    0
  ],
  [
    "Rampur",
    0.98,
    0.01,
    0.87,
    0,
    0
  ],
  [
    "Amroha",
    0.02,
    0,
    0,
    0,
    0
  ],
  [
    "Meerut",
    5.08,
    0.3,
    8.45,
    0.01,
    0.01
  ],
  [
    "Baghpat",
    0.39,
    0,
    0.8,
    0,
    0.01
  ],
  [
    "Ghaziabad",
    0.39,
    0,
    0.8,
    0,
    0.01
  ],
  [
    "Gautam Buddha Nagar",
    0.02,
    0.05,
    0.34,
    0.01,
    0
  ],
  [
    "Bulandshahr",
    0.02,
    0,
    0,
    0,
    0
  ],
  [
    "Aligarh",
    0.02,
    0,
    0,
    0,
    0
  ],
  [
    "Hathras",
    0.02,
    0,
    0,
    0,
    0
  ],
  [
    "Mathura",
    0.02,
    0.05,
    0.34,
    0.01,
    0
  ],
  [
    "Agra",
    0,
    0,
    0,
    0,
    0
  ],
  [
    "Firozabad",
    0,
    0,
    0,
    0,
    0
  ],
  [
    "Etah",
    0.02,
    0,
    0,
    0,
    0
  ],
  [
    "Mainpuri",
    0.02,
    0,
    0,
    0,
    0
  ],
  [
    "Budaun",
    0.02,
    0,
    0,
    0,
    0
  ],
  [
    "Bareilly",
    0.02,
    0,
    0,
    0,
    0
  ],
  [
    "Pilibhit",
    0.02,
    0,
    0,
    0,
    0
  ],
  [
    "Shahjahanpur",
    0.02,
    0,
    0,
    0,
    0
  ],
  [
    "Lakhimpur Kheri",
    0,
    0,
    0,
    0,
    0
  ],
  [
    "Sitapur",
    0,
    0.03,
    0.1,
    0.03,
    0.01
  ],
  [
    "Hardoi",
    0,
    0,
    0,
    0,
    0
  ],
  [
    "Unnao",
    0,
    0,
    0,
    0,
    0
  ],
  [
    "Lucknow",
    0,
    0,
    0,
    0,
    0
  ],
  [
    "Rae Bareli",
    0,
    0,
    0,
    0,
    0
  ],
  [
    "Farrukhabad",
    0.02,
    0,
    0,
    0,
    0
  ],
  [
    "Kannauj",
    0,
    0,
    0,
    0,
    0
  ],
  [
    "Etawah",
    0,
    0,
    0,
    0,
    0
  ],
  [
    "Auraiya",
    0,
    0,
    0,
    0,
    0
  ],
  [
    "Kanpur Dehat",
    0,
    0,
    0,
    0,
    0
  ],
  [
    "Kanpur Nagar",
    0,
    0,
    0,
    0,
    0
  ],
  [
    "Jalaun",
    0,
    0,
    0,
    0,
    0
  ],
  [
    "Jhansi",
    0,
    0,
    0,
    0,
    0
  ],
  [
    "Lalitpur",
    0,
    0,
    0,
    0,
    0
  ],
  [
    "Hamirpur",
    0,
    0,
    0,
    0,
    0
  ],
  [
    "Mahoba",
    0,
    0,
    0,
    0,
    0
  ],
  [
    "Banda",
    0,
    0,
    0,
    0,
    0
  ],
  [
    "Chitrakoot",
    0,
    0,
    0,
    0,
    0
  ],
  [
    "Fatehpur",
    0,
    0,
    0,
    0,
    0
  ],
  [
    "Pratapgarh",
    0,
    0,
    0,
    0,
    0
  ],
  [
    "Kaushambi",
    0,
    0,
    0,
    0,
    0
  ],
  [
    "Allahabad",
    0,
    0,
    0,
    0,
    0
  ],
  [
    "Barabanki",
    0,
    0,
    0,
    0,
    0
  ],
  [
    "Faizabad",
    0,
    0.03,
    0.01,
    0,
    0
  ],
  [
    "Ambedkar Nagar",
    0,
    0.02,
    0,
    0,
    0
  ],
  [
    "Sultanpur",
    0,
    0.02,
    0,
    0,
    0
  ],
  [
    "Bahraich",
    0,
    0.03,
    0.1,
    0.03,
    0.01
  ],
  [
    "Shravasti",
    0,
    0.03,
    0.1,
    0.03,
    0.01
  ],
  [
    "Balrampur",
    0,
    0,
    0,
    0,
    0
  ],
  [
    "Gonda",
    0,
    0.03,
    0.01,
    0,
    0
  ],
  [
    "Siddharth Nagar",
    0,
    0.02,
    0,
    0.01,
    0.01
  ],
  [
    "Basti",
    0,
    0.02,
    0,
    0,
    0
  ],
  [
    "Sant Kabir Nagar",
    0,
    0.02,
    0,
    0,
    0
  ],
  [
    "Maharajganj",
    0.11,
    0.02,
    0,
    0.01,
    0.07
  ],
  [
    "Gorakhpur",
    0.11,
    0.02,
    0,
    0.01,
    0.07
  ],
  [
    "Kushinagar",
    0,
    0.02,
    0,
    0.01,
    0.01
  ],
  [
    "Deoria",
    0,
    0.02,
    0,
    0.01,
    0.01
  ],
  [
    "Azamgarh",
    0,
    0.02,
    0,
    0,
    0
  ],
  [
    "Mau",
    0.11,
    0.02,
    0,
    0.01,
    0.07
  ],
  [
    "Ballia",
    0,
    0,
    0,
    0.01,
    0.01
  ],
  [
    "Jaunpur",
    0,
    0.01,
    0,
    0,
    0
  ],
  [
    "Ghazipur",
    0,
    0,
    0,
    0.01,
    0.01
  ],
  [
    "Chandauli",
    0.01,
    0.01,
    0,
    0.01,
    0.01
  ],
  [
    "Varanasi",
    0.01,
    0.01,
    0,
    0.01,
    0.01
  ],
  [
    "Mirzapur",
    0,
    0,
    0,
    0,
    0
  ],
  [
    "Sonbhadra",
    0,
    0,
    0,
    0,
    0
  ]
]
